Hoi,Text_LDPE,Text_HDPE,Text_PP,Text_PS,Text_EPS,Text_PVC,Text_PET,Text_Plastic,Text_AllPE,Text_AllPS,Width_LDPE,Width_HDPE,Width_PP,Width_PS,Width_EPS,Width_PVC,Width_PET,Width_Plastic,Width_AllPE,Width_AllPS
Import to Pre-consumer processes,493933.85,729601.46,863021.68,266881.83,247111.16,479649.82,642041.02,3722240.83,1223535.32,513992.99,10,10,10,10,10,10,10,10,10,10
Production to Pre-consumer processes,50004.51,18620.04,277709.27,3032.07,19588.17,164365.95,76044.75,609364.76,68624.54,22620.25,10,10,10,8,10,10,10,10,10,10
Pre-consumer processes to Waste collection and recycling,24342.41,33755.37,60513.68,11843.49,11734.22,28551.09,45055.59,215795.86,58097.78,23577.71,10,10,10,10,10,10,10,10,10,10
Pre-consumer processes to Storm water and wastewater (MP),1.26,2.01,22.19,0.24,0.46,2.72,29.27,58.15,3.27,0.71,2,2,4,1,1,2,4,4,2,1
Pre-consumer processes to ExcludedFlow,519568.36,714431.91,1080131.05,258058.6,254952.18,615423.26,672974.78,4115540.13,1234000.27,513010.78,10,10,10,10,10,10,10,10,10,10
Pre-consumer processes to Soil (MP),26.24,32.14,63.69,11.56,12.42,38.47,26.03,210.56,58.38,23.99,4,4,4,4,4,4,4,6,4,4
Pre-consumer processes to Fresh water (MP),0.09,0.07,0.35,0.02,0.04,0.21,0.11,0.89,0.15,0.06,1,1,1,1,1,1,1,1,1,1
Consumer packaging to Waste collection and recycling,99652.04,216921.79,316623.41,76508.41,12472.04,30218.42,258171.93,1010568.03,316573.84,88980.44,10,10,10,10,10,10,10,10,10,10
Consumer packaging to On-the-go consumption,9780.46,18151.24,35947.8,5430.76,0,4252.16,95825.75,169388.17,27931.7,5430.76,8,10,10,8,0,8,10,10,10,8
Consumer packaging to Dumping,139.38,294.82,443.11,102.1,15.59,43.39,444.25,1482.64,434.2,117.69,6,6,6,6,4,4,6,8,6,6
Consumer packaging to Organic waste collection,2250.55,2052.22,4196.88,501.48,59.38,406.5,1945.72,11412.73,4302.77,560.86,8,8,8,6,4,6,8,10,8,6
Non-consumer packaging to Waste collection and recycling,164671.71,153718.07,118191.34,36740.21,16168.63,960.06,97346.16,587796.17,318389.77,52908.84,10,10,10,10,10,6,10,10,10,10
Non-consumer packaging to Litter,3466.68,3249.13,2522.76,781.95,341.4,20.35,2053.6,12435.86,6715.81,1123.35,8,8,8,6,6,4,8,10,8,8
Non-consumer packaging to Dumping,208.17,195.71,150.32,47.13,20.45,1.22,124.06,747.07,403.88,67.58,6,6,6,4,4,2,6,6,6,4
Construction to Waste collection and recycling,74225.89,206114.23,109825.32,0,222829.04,415850.77,25822.1,1054667.35,280340.12,222829.04,10,10,10,0,10,10,10,10,10,10
Construction to Soil (MP),0.24,2.98,25.73,0,0,0.91,16.34,46.2,3.22,0,1,2,4,0,0,1,4,4,2,0
Construction to UnintendedCDWaste,875.43,29.84,0,0,4703.07,2506.62,0,8114.96,905.27,4703.07,6,4,0,0,8,8,0,8,6,8
Construction to Soil,0,24.17,417.24,0,0,0,542.13,983.55,24.17,0,0,4,6,0,0,0,6,6,4,0
Construction to Indoor air (MP),0,0,0,0,0,101.53,0,101.53,0,0,0,0,0,0,0,6,0,6,0,0
Construction to Air (MP),0,0,0,0,22.68,0,0,22.68,0,22.68,0,0,0,0,4,0,0,4,0,4
Automotive to Waste collection and recycling,11793.86,31261.48,141769.65,5325.8,0,38460.1,26587.26,255198.15,43055.34,5325.8,10,10,10,8,0,10,10,10,10,8
Automotive to Soil,6.88,23.38,109.81,0.15,0,7.77,0.01,147.99,30.26,0.15,2,4,6,1,0,2,1,6,4,1
Automotive to Export,114.45,303.47,1376.32,51.59,0,374.77,257.68,2478.28,417.92,51.59,6,6,8,4,0,6,6,8,6,4
Agriculture to Waste collection and recycling,61017.57,5802.85,27493.59,112.97,0,1097.29,2530.8,98055.07,66820.42,112.97,10,8,10,6,0,8,8,10,10,6
Agriculture to Dumping,79.44,7.41,35.27,0.14,0,1.42,3.27,126.96,86.85,0.14,4,2,4,1,0,2,2,6,4,1
Agriculture to Organic waste collection,1448.1,65.71,648.31,0.55,0,10.69,61.23,2234.58,1513.81,0.55,8,4,6,1,0,4,4,8,8,1
Agriculture to Soil (MP),1155.11,24.05,188.34,0.12,0,8.15,31.88,1407.65,1179.16,0.12,8,4,6,1,0,2,4,8,8,1
Agriculture to Soil,140.05,58.41,33.43,2.39,0,22.22,1.6,258.1,198.46,2.39,6,4,4,2,0,4,2,6,6,2
Hygiene products to Waste collection and recycling,0,2358.87,3248.09,0,0,0,4872.54,10479.5,2358.87,0,0,8,8,0,0,0,8,10,8,0
Hygiene products to Storm water and wastewater,0,1350.13,1426.27,0,0,0,1340.02,4116.43,1350.13,0,0,8,8,0,0,0,8,8,8,0
Hygiene products to Dumping,0,4.59,5.85,0,0,0,7.71,18.14,4.59,0,0,2,2,0,0,0,2,4,2,0
PCCP to Waste collection and recycling,0,1.36,0,0,0,0,0.01,1.37,1.36,0,0,2,1,0,0,0,1,2,2,0
PCCP to Storm water and wastewater (MP),0,25.84,0.06,0,0,0,0.13,26.03,25.84,0,0,4,1,0,0,0,1,4,4,0
Clothing to Waste collection and recycling,0,896.99,21140.7,0,0,0,110497.01,132534.69,896.99,0,0,6,10,0,0,0,10,10,6,0
Clothing to Storm water and wastewater (MP),0,6.98,164.49,0,0,0,859.38,1030.84,6.98,0,0,2,6,0,0,0,6,8,2,0
Clothing to Dumping,0,1.13,26.24,0,0,0,138.29,165.65,1.13,0,0,2,4,0,0,0,6,6,2,0
Clothing to Indoor air (MP),0,2.57,60.73,0,0,0,318.45,381.75,2.57,0,0,2,4,0,0,0,6,6,2,0
Clothing to Air (MP),0,1.08,25.46,0,0,0,132.92,159.46,1.08,0,0,2,4,0,0,0,6,6,2,0
Household textiles to Waste collection and recycling,0,126.13,16542.25,0,0,0,50648.69,67317.07,126.13,0,0,6,10,0,0,0,10,10,6,0
Household textiles to Storm water and wastewater (MP),0,0.08,10.3,0,0,0,31.52,41.9,0.08,0,0,1,4,0,0,0,4,4,1,0
Household textiles to Dumping,0,0.16,20.69,0,0,0,63.1,83.94,0.16,0,0,1,4,0,0,0,4,4,1,0
Household textiles to Indoor air (MP),0,0.22,29.36,0,0,0,89.86,119.44,0.22,0,0,1,4,0,0,0,4,6,1,0
Household textiles to Air (MP),0,0.01,1.47,0,0,0,4.47,5.95,0.01,0,0,1,2,0,0,0,2,2,1,0
Other products to Waste collection and recycling,108443.15,107337.97,308791.8,128358.65,8749.82,143869.21,33217.77,838768.37,215781.12,137108.47,10,10,10,10,8,10,10,10,10,10
Other products to Storm water and wastewater (MP),0,0,0,0,0,83.12,0,83.12,0,0,0,0,0,0,0,4,0,4,0,0
Other products to Dumping,136.08,133.88,383.27,175.58,10.93,185.44,36.68,1061.86,269.95,186.51,6,6,6,6,4,6,4,8,6,6
Other products to Organic waste collection,48.42,114.79,132.27,92.23,19.97,83.46,4.1,495.25,163.22,112.2,4,6,6,4,4,4,2,6,6,6
Other products to Soil (MP),0,0,0,0,0,55.58,0,55.58,0,0,0,0,0,0,0,4,0,4,0,0
Other products to Soil,4.14,0,0,0,0,0,0,4.14,4.14,0,2,0,0,0,0,0,0,2,2,0
Other products to Indoor air (MP),10.3,24.36,27.97,19.59,4.18,45.72,0.87,132.98,34.65,23.77,4,4,4,4,2,4,1,6,4,4
Other products to Air (MP),0,0,0,0,0,55.41,0,55.41,0,0,0,0,0,0,0,4,0,4,0,0
Other products to Export,578.77,548.4,20267.71,11696.03,0,4711.85,2.14,37804.9,1127.17,11696.03,6,6,10,10,0,8,2,10,8,10
Other products to Fresh water,0.67,0,0,0,0,0,0,0.67,0.67,0,1,0,0,0,0,0,0,1,1,0
Fishing gear to Waste collection and recycling,2081.28,2084.45,931.67,0,0,0,0,5097.4,4165.73,0,8,8,6,0,0,0,0,8,8,0
Fishing gear to Fresh water (MP),0.01,0.01,0.01,0,0,0,0,0.03,0.02,0,1,1,1,0,0,0,0,1,1,0
Fishing gear to Coastal and ocean water,75.98,76.14,13.06,0,0,0,0,165.18,152.13,0,4,4,4,0,0,0,0,6,6,0
Fishing gear to Coastal and ocean water (MP),11.86,11.85,5.19,0,0,0,0,28.9,23.71,0,4,4,2,0,0,0,0,4,4,0
Waste collection and recycling to Storm water and wastewater (MP),182.27,471.23,1873.08,82.22,0.23,587.75,10.37,3207.15,653.5,82.45,6,6,8,4,1,6,4,8,6,4
Waste collection and recycling to Litter,1534.62,4203.07,2288.53,0,4588.76,8534.33,529.85,21679.16,5737.69,4588.76,8,8,8,0,8,8,6,10,8,8
Waste collection and recycling to Soil (MP),13.38,33.31,123.38,6.05,0.85,39.28,4.86,221.11,46.69,6.9,4,4,6,2,1,4,2,6,4,2
Waste collection and recycling to Soil,44.84,51.24,81.07,22.55,4.54,18.06,65.38,287.67,96.07,27.09,4,4,4,4,2,4,4,6,4,4
Waste collection and recycling to Air (MP),11.45,29.42,118.37,5.19,0,37.43,0,201.87,40.87,5.19,4,4,6,2,0,4,1,6,4,2
Waste collection and recycling to Landfill,144442.1,192522.64,283112.72,74230.97,13794.72,57040.78,194811.58,959955.51,336964.74,88025.7,10,10,10,10,10,10,10,10,10,10
Waste collection and recycling to Reuse,40527.73,60458.1,116331.21,14013.63,10197.24,40101.15,95471.73,377100.79,100985.83,24210.87,10,10,10,10,10,10,10,10,10,10
Waste collection and recycling to End-of-life,374710.92,527767.4,761960.58,176816,251582.99,565485.13,461282.3,3119605.32,902478.31,428398.99,10,10,10,10,10,10,10,10,10,10
Storm water and wastewater to Waste collection and recycling,25.14,887.17,940.47,7.42,2.02,2.31,908.96,2773.48,912.31,9.44,4,6,6,2,2,2,6,8,6,2
Storm water and wastewater to Fresh water,17.68,30.49,34,5.19,1.43,1.62,50.25,140.67,48.17,6.62,4,4,4,2,2,2,4,6,4,2
Storm water and wastewater to End-of-life,0.52,17.87,19.11,0.15,0.04,0.05,18.28,56.02,18.39,0.19,1,4,4,1,1,1,4,4,4,1
Storm water and wastewater to Sludge amended soil,13.68,477.82,505.59,3.96,1.11,1.23,489.65,1493.03,491.5,5.07,4,6,6,2,2,2,6,8,6,2
Storm water and wastewater (MP) to Soil (MP),20.75,58.12,229.12,9.29,0.26,71.12,107.19,495.83,78.86,9.55,4,4,6,2,1,4,6,6,4,2
Storm water and wastewater (MP) to Fresh water (MP),6.29,17.73,68.51,2.83,0.1,30.68,32.19,158.33,24.02,2.93,2,4,4,2,1,4,4,6,4,2
Storm water and wastewater (MP) to Coastal and ocean water (MP),0.51,1.41,5.83,0.24,0,2.03,2.64,12.65,1.92,0.24,1,2,2,1,1,2,2,4,2,1
Storm water and wastewater (MP) to End-of-life,5.68,15.65,64.23,2.59,0.03,21.13,29.8,139.11,21.33,2.62,2,4,4,2,1,4,4,6,4,2
Storm water and wastewater (MP) to Sludge amended soil (MP),151.25,415.7,1713.2,69.28,0.68,561.81,795.93,3707.85,566.95,69.96,6,6,8,4,1,6,6,8,6,4
On-the-go consumption to Waste collection and recycling,8268.04,15353.18,30435.67,4593.07,0,3600.74,81035.99,143286.69,23621.22,4593.07,8,10,10,8,0,8,10,10,10,8
On-the-go consumption to Litter,1512.42,2798.06,5512.13,837.7,0,651.42,14789.76,26101.48,4310.48,837.7,8,8,8,6,0,6,10,10,8,6
Litter to Waste collection and recycling,6079,8873.22,9381.05,1676.67,3580.33,6691.02,15272.01,51553.29,14952.22,5256.99,8,8,8,8,8,8,10,10,10,8
Litter to Storm water and wastewater,57.01,63.22,72.89,16.72,4.6,5.21,127.13,346.78,120.23,21.32,4,4,4,4,2,2,6,6,6,4
Litter to Soil,931.23,1940.19,1918.39,247.38,1391.47,2739.25,2767.04,11934.95,2871.42,1638.84,6,8,8,6,8,8,8,10,8,8
Litter to Fresh water,4.69,5.72,9,2.31,0.35,1.52,12.08,35.68,10.42,2.66,2,2,2,2,1,2,4,4,4,2
Litter to Coastal and ocean water,4.86,5.59,6.84,1.54,0.38,0.58,12.3,32.08,10.45,1.91,2,2,2,2,1,1,4,4,4,2
Dumping to Litter,563.07,637.69,1064.75,324.96,46.96,231.47,817.36,3686.27,1200.76,371.92,6,6,8,6,4,6,6,8,8,6
Unintended C&D waste to Waste collection and recycling,862,29.39,0,0,4631.12,2468.25,0,7990.76,891.39,4631.12,6,4,0,0,8,8,0,8,6,8
Unintended C&D waste to Soil,13.43,0.45,0,0,54.7,38.37,0,106.95,13.88,54.7,4,1,0,0,4,4,0,6,4,4
Unintended C&D waste to Fresh water,0,0,0,0,2.64,0,0,2.64,0,2.64,0,0,0,0,2,0,0,2,0,2
Unintended C&D waste to Coastal and ocean water,0,0,0,0,14.62,0,0,14.62,0,14.62,0,0,0,0,4,0,0,4,0,4
Indoor air to Waste collection and recycling,5.21,13.88,60.26,9.96,2.11,74.66,209.26,375.34,19.09,12.08,2,4,4,2,2,4,6,6,4,4
Indoor air to Storm water and wastewater (MP),0.93,2.48,10.77,1.76,0.37,13.17,37.08,66.57,3.41,2.14,1,2,4,2,1,4,4,4,2,2
Indoor air to Air (MP),4.15,10.79,47.03,7.86,1.69,59.42,162.84,293.79,14.95,9.55,2,4,4,2,2,4,6,6,4,2
Air to Soil (MP),11.56,30.48,141.86,9.65,18.03,112.16,222.65,546.39,42.03,27.68,4,4,6,2,4,6,6,6,4,4
Air to Fresh water (MP),0.63,1.66,7.66,0.52,0.97,6.12,11.92,29.48,2.29,1.5,1,2,2,1,1,2,4,4,2,2
Air to Coastal and ocean water (MP),3.42,9.16,42.8,2.87,5.37,33.99,65.66,163.28,12.59,8.24,2,2,4,2,2,4,4,6,4,2
Organic waste collection to Compost,23.89,14.24,31.94,3.8,0.5,3.18,12.84,90.39,38.12,4.3,4,4,4,2,1,2,4,4,4,2
Organic waste collection to Compost (MP),20.02,11.89,26.5,3.19,0.43,2.68,10.77,75.48,31.91,3.61,4,4,4,2,1,2,4,4,4,2
Organic waste collection to End-of-life,3703.17,2206.59,4919.01,587.27,78.42,494.79,1987.44,13976.69,5909.76,665.69,8,8,8,6,4,6,8,10,8,6
Compost to Soil,23.89,14.24,31.94,3.8,0.5,3.18,12.84,90.39,38.12,4.3,4,4,4,2,1,2,4,4,4,2
Compost (MP) to Soil (MP),20.02,11.89,26.5,3.19,0.43,2.68,10.77,75.48,31.91,3.61,4,4,4,2,1,2,4,4,4,2
Total to Soil (MP),1247.28,192.97,798.62,39.86,31.99,328.36,419.72,3058.8,1440.25,71.85,8,6,6,4,4,6,6,8,8,4
Total to Fresh water (MP),7.01,19.47,76.53,3.37,1.11,37.01,44.22,188.73,26.48,4.49,2,4,4,2,2,4,4,6,4,2
Total to Soil,1164.45,2112.08,2591.89,276.27,1451.21,2828.84,3389,13813.75,3276.53,1727.48,8,8,8,6,8,8,8,10,8,8
Total to Fresh water,23.05,36.22,43,7.51,4.42,3.14,62.33,179.66,59.27,11.92,4,4,4,2,2,2,4,6,4,4
Total to Coastal and ocean water,80.85,81.74,19.89,1.54,14.99,0.58,12.3,211.88,162.58,16.53,4,4,4,2,4,1,4,6,6,4
Total to Coastal and ocean water (MP),15.79,22.43,53.82,3.11,5.37,36.02,68.3,204.83,38.22,8.48,4,4,4,2,2,4,4,6,4,2
Total to Landfill,144442.1,192522.64,283112.72,74230.97,13794.72,57040.78,194811.58,959955.51,336964.74,88025.7,10,10,10,10,10,10,10,10,10,10
Total to Sludge amended soil,13.68,477.82,505.59,3.96,1.11,1.23,489.65,1493.03,491.5,5.07,4,6,6,2,2,2,6,8,6,2
Total to Sludge amended soil (MP),151.25,415.7,1713.2,69.28,0.68,561.81,795.93,3707.85,566.95,69.96,6,6,8,4,1,6,6,8,6,4
External to Import,0,0,0,0,0,0,0,0,0,0,1,1,1,1,1,1,1,1,1,1
External to Production,0,0,0,0,0,0,0,0,0,0,1,1,1,1,1,1,1,1,1,1
External to Pre-consumer processes,0,0,0,0,0,0,0,0,0,0,1,1,1,1,1,1,1,1,1,1
External to Consumer packaging,0,0,0,0,0,0,0,0,0,0,1,1,1,1,1,1,1,1,1,1
External to Non-consumer packaging,0,0,0,0,0,0,0,0,0,0,1,1,1,1,1,1,1,1,1,1
External to Construction,0,0,0,0,0,0,0,0,0,0,1,1,1,0,1,1,1,1,1,1
External to Automotive,0,0,0,0,0,0,0,0,0,0,1,1,1,1,0,1,1,1,1,1
External to Agriculture,0,0,0,0,0,0,0,0,0,0,1,1,1,1,0,1,1,1,1,1
External to Hygiene products,0,0,0,0,0,0,0,0,0,0,0,1,1,0,0,0,1,1,1,0
External to PCCP,0,0,0,0,0,0,0,0,0,0,0,1,1,0,0,0,1,1,1,0
External to Clothing,0,0,0,0,0,0,0,0,0,0,0,1,1,0,0,0,1,1,1,0
External to Household textiles,0,0,0,0,0,0,0,0,0,0,0,1,1,0,0,0,1,1,1,0
External to Other products,0,0,0,0,0,0,0,0,0,0,1,1,1,1,1,1,1,1,1,1
External to Fishing gear,0,0,0,0,0,0,0,0,0,0,1,1,1,0,0,0,0,1,1,0
External to Waste collection and recycling,0,0,0,0,0,0,0,0,0,0,1,1,1,1,1,1,1,1,1,1
External to Storm water and wastewater,0,0,0,0,0,0,0,0,0,0,1,1,1,1,1,1,1,1,1,1
External to Storm water and wastewater (MP),0,0,0,0,0,0,0,0,0,0,1,1,1,1,1,1,1,1,1,1
External to On-the-go consumption,0,0,0,0,0,0,0,0,0,0,1,1,1,1,0,1,1,1,1,1
External to Litter,0,0,0,0,0,0,0,0,0,0,1,1,1,1,1,1,1,1,1,1
External to Dumping,0,0,0,0,0,0,0,0,0,0,1,1,1,1,1,1,1,1,1,1
External to Unintended C&D waste,0,0,0,0,0,0,0,0,0,0,1,1,0,0,1,1,0,1,1,1
External to Indoor air,0,0,0,0,0,0,0,0,0,0,1,1,1,1,1,1,1,1,1,1
External to Air,0,0,0,0,0,0,0,0,0,0,1,1,1,1,1,1,1,1,1,1
External to Organic waste collection,0,0,0,0,0,0,0,0,0,0,1,1,1,1,1,1,1,1,1,1
External to Compost,0,0,0,0,0,0,0,0,0,0,1,1,1,1,1,1,1,1,1,1
External to Compost (MP),0,0,0,0,0,0,0,0,0,0,1,1,1,1,1,1,1,1,1,1
External to Total,0,0,0,0,0,0,0,0,0,0,1,1,1,1,1,1,1,1,1,1
